   10 3 4 5 9 13 0 6 11 8 -5
ra 3 4 5 9 13 0 6 11 8 -5 10
pb 4 5 9 13 0 6 11 8 -5 10 / 3
pb 5 9 13 0 6 11 8 -5 10 / 4 3
pb 9 13 0 6 11 8 -5 10 / 5 4 3
ra 13 0 6 11 8 -5 10 9 / 5 4 3
ra 0 6 11 8 -5 10 9 13 / 5 4 3
pb 6 11 8 -5 10 9 13 / 0 5 4 3
ra 11 8 -5 10 9 13 6 / 0 5 4 3
ra 8 -5 10 9 13 6 11 / 0 5 4 3
ra -5 10 9 13 6 11 8 / 0 5 4 3
pb 10 9 13 6 11 8 / -5 0 5 4 3
ss 9 10 13 6 11 8 / 0 -5 5 4 3
ra 10 13 6 11 8 9 / 0 -5 5 4 3
rb 10 13 6 11 8 9 / -5 5 4 3 0
ra 13 6 11 8 9 10 / -5 5 4 3 0
rb 13 6 11 8 9 10 / 5 4 3 0 -5
ra 6 11 8 9 10 13 / 5 4 3 0 -5
rb 6 11 8 9 10 13 / 4 3 0 -5 5
ra 11 8 9 10 13 6 / 4 3 0 -5 5
rb 11 8 9 10 13 6 / 3 0 -5 5 4
sa 8 11 9 10 13 6 / 3 0 -5 5 4
ra 11 9 10 13 6 8 / 3 0 -5 5 4
rb 11 9 10 13 6 8 / 0 -5 5 4 3
sa 9 11 10 13 6 8 / 0 -5 5 4 3
ra 11 10 13 6 8 9 / 0 -5 5 4 3
rb 11 10 13 6 8 9 / -5 5 4 3 0
sa 10 11 13 6 8 9 / -5 5 4 3 0
ra 11 13 6 8 9 10 / -5 5 4 3 0
rb 11 13 6 8 9 10 / 5 4 3 0 -5
ra 13 6 8 9 10 11 / 5 4 3 0 -5
ra 6 8 9 10 11 13/ 5 4 3 0 -5
pa 
pa 
pa 
pa 
pa 
