486670592
-292580082
344105053
200155997
1062441974
135723810
482433153
-644257004
-414926457
-789569393
-991341741
844967683
62482167
18268983
-43372643
-967062971
876362143
-571805775
-350348503
92861750
-493187522
284186763
323286410
341057557
520498253
-834248110
-287261910
-467691317
-697825202
-939982150
757187526
62648957
674024866
359676534
-82967770
-722431890
-40243495
84919937
-827252499
-823628418
-43241167
-904829486
1010008449
-646235595
690632958
319004668
-755219886
795205012
-927590647
715264688
-159853093
-148900057
-744817647
-468023169
167189175
1039845546
462163933
140862329
946176106
265399104
239197706
106449155
237061731
714339329
-679976277
546673392
1004649075
-526921239
257287952
-793464197
120680488
1052390645
854245420
-772898305
26760165
934002529
-324963070
-603411572
1026965774
887684276
740722620
362364278
-7210949
-935344014
-746555661
385946591
-943751053
-309739432
-290281699
318322488
664282736
-167545204
-581190814
829090902
-490603872
757919373
-522100396
-323182333
-739335871
-677610758
